You: 142
Michael: 23.52978
Let: 84.5
Jayluh: 45
Gonna: 107.5
Give: 143.50000000000001
John: 21
Up: 135
Never: 186.
You: 70
Never: 112.3
Emily: 3.578
Rick: 36.5
Down: 58
Gonna: 145.7














